===================================
Trial#: 0	Number of Moves: 5
Solve Time: 12261 ms
~~~~~~~~~~~~~~~~~~~~~~~~~~~~~~~~~~~
Button to Image Number Map
------------
| 20 | 2 |
------------
| 35 | 35 |
------------
| 20 | 2 |
------------
~~~~~~~~~~~~~~~~~~~~~~~~~~~~~~~~~~~
Button Number	Time Pressed (ms)
0	0
2	1020
3	2382
2	3815
0	4658
1	5454
5	6739
0	9756
1	11088
4	12261
4	0
5	1093
2	2201
5	3496
3	4654
2	5763
0	6888
1	7841
4	9448
1	10697
5	11665
0	12897
0	0
1	846
2	1774
1	4884
0	6024
3	6821
4	8210
3	9215
5	10324
3	11187
4	12017
0	12891
0	0
1	609
3	1077
2	1531
5	2436
3	2936
2	3343
4	3749
0	4483
2	4982
4	5576
0	6532
2	6877
1	7204
0	0
1	349
3	770
2	1176
4	1692
5	2082
0	2784
1	3284
4	4220
0	5173
1	5656
5	7595
===================================
===================================
Trial#: 1	Number of Moves: 11
Solve Time: 12897 ms
~~~~~~~~~~~~~~~~~~~~~~~~~~~~~~~~~~~
Button to Image Number Map
------------
| 20 | 2 |
------------
| 35 | 35 |
------------
| 20 | 2 |
------------
~~~~~~~~~~~~~~~~~~~~~~~~~~~~~~~~~~~
Button Number	Time Pressed (ms)
0	0
2	1020
3	2382
2	3815
0	4658
1	5454
5	6739
0	9756
1	11088
4	12261
4	0
5	1093
2	2201
5	3496
3	4654
2	5763
0	6888
1	7841
4	9448
1	10697
5	11665
0	12897
0	0
1	846
2	1774
1	4884
0	6024
3	6821
4	8210
3	9215
5	10324
3	11187
4	12017
0	12891
0	0
1	609
3	1077
2	1531
5	2436
3	2936
2	3343
4	3749
0	4483
2	4982
4	5576
0	6532
2	6877
1	7204
0	0
1	349
3	770
2	1176
4	1692
5	2082
0	2784
1	3284
4	4220
0	5173
1	5656
5	7595
===================================
===================================
Trial#: 2	Number of Moves: 17
Solve Time: 12891 ms
~~~~~~~~~~~~~~~~~~~~~~~~~~~~~~~~~~~
Button to Image Number Map
------------
| 20 | 2 |
------------
| 35 | 35 |
------------
| 20 | 2 |
------------
~~~~~~~~~~~~~~~~~~~~~~~~~~~~~~~~~~~
Button Number	Time Pressed (ms)
0	0
2	1020
3	2382
2	3815
0	4658
1	5454
5	6739
0	9756
1	11088
4	12261
4	0
5	1093
2	2201
5	3496
3	4654
2	5763
0	6888
1	7841
4	9448
1	10697
5	11665
0	12897
0	0
1	846
2	1774
1	4884
0	6024
3	6821
4	8210
3	9215
5	10324
3	11187
4	12017
0	12891
0	0
1	609
3	1077
2	1531
5	2436
3	2936
2	3343
4	3749
0	4483
2	4982
4	5576
0	6532
2	6877
1	7204
0	0
1	349
3	770
2	1176
4	1692
5	2082
0	2784
1	3284
4	4220
0	5173
1	5656
5	7595
===================================
===================================
Trial#: 3	Number of Moves: 24
Solve Time: 7204 ms
~~~~~~~~~~~~~~~~~~~~~~~~~~~~~~~~~~~
Button to Image Number Map
------------
| 20 | 2 |
------------
| 35 | 35 |
------------
| 20 | 2 |
------------
~~~~~~~~~~~~~~~~~~~~~~~~~~~~~~~~~~~
Button Number	Time Pressed (ms)
0	0
2	1020
3	2382
2	3815
0	4658
1	5454
5	6739
0	9756
1	11088
4	12261
4	0
5	1093
2	2201
5	3496
3	4654
2	5763
0	6888
1	7841
4	9448
1	10697
5	11665
0	12897
0	0
1	846
2	1774
1	4884
0	6024
3	6821
4	8210
3	9215
5	10324
3	11187
4	12017
0	12891
0	0
1	609
3	1077
2	1531
5	2436
3	2936
2	3343
4	3749
0	4483
2	4982
4	5576
0	6532
2	6877
1	7204
0	0
1	349
3	770
2	1176
4	1692
5	2082
0	2784
1	3284
4	4220
0	5173
1	5656
5	7595
===================================
===================================
Trial#: 4	Number of Moves: 30
Solve Time: 7595 ms
~~~~~~~~~~~~~~~~~~~~~~~~~~~~~~~~~~~
Button to Image Number Map
------------
| 20 | 2 |
------------
| 35 | 35 |
------------
| 20 | 2 |
------------
~~~~~~~~~~~~~~~~~~~~~~~~~~~~~~~~~~~
Button Number	Time Pressed (ms)
0	0
2	1020
3	2382
2	3815
0	4658
1	5454
5	6739
0	9756
1	11088
4	12261
4	0
5	1093
2	2201
5	3496
3	4654
2	5763
0	6888
1	7841
4	9448
1	10697
5	11665
0	12897
0	0
1	846
2	1774
1	4884
0	6024
3	6821
4	8210
3	9215
5	10324
3	11187
4	12017
0	12891
0	0
1	609
3	1077
2	1531
5	2436
3	2936
2	3343
4	3749
0	4483
2	4982
4	5576
0	6532
2	6877
1	7204
0	0
1	349
3	770
2	1176
4	1692
5	2082
0	2784
1	3284
4	4220
0	5173
1	5656
5	7595
===================================
