===================================
Trial#: 0	Number of Moves: 66
Solve Time: 150596 ms
~~~~~~~~~~~~~~~~~~~~~~~~~~~~~~~~~~~
Button to Image Number Map
------------------------------
| 49 | 20 | 49 | 29 | 31 |
------------------------------
| 31 | 14 | 16 | 37 | 26 |
------------------------------
| 11 | 23 | 18 | 18 | 45 |
------------------------------
| 29 | 23 | 14 | 6 | 11 |
------------------------------
| 40 | 26 | 20 | 37 | 4 |
------------------------------
| 4 | 16 | 6 | 40 | 45 |
------------------------------
~~~~~~~~~~~~~~~~~~~~~~~~~~~~~~~~~~~
Button Number	Time Pressed (ms)
0	0
6	1034
0	4687
6	5186
11	6621
6	7339
5	8888
6	9517
11	10557
10	10978
15	11961
10	12741
20	13427
10	14395
11	15081
26	16407
10	17824
11	18822
7	20663
8	22072
2	23538
8	24147
12	25600
2	26785
10	28144
17	29298
0	31347
17	32423
0	35535
17	36533
1	38095
12	39016
16	40713
7	41886
20	43274
16	44023
21	44538
25	45801
26	47286
25	47980
20	48483
25	49622
27	50901
22	51403
26	52708
22	53381
26	54788
1	55708
16	57065
17	58157
23	59171
18	59780
23	62166
26	62878
27	64375
22	65015
18	66325
27	67199
22	68026
17	68603
13	70168
17	70730
22	71327
13	72128
12	73220
22	74250
18	75529
13	75872
14	77167
17	78885
28	80247
17	81074
18	81701
28	82418
27	83518
17	84095
0	86315
27	87220
17	87766
16	88296
2	89857
7	90761
8	91858
3	92592
17	93798
8	94297
3	94983
13	95750
14	96686
11	98496
10	99806
14	101210
19	101623
2	103110
7	104738
24	105845
11	107145
24	108112
16	109470
24	110515
11	111645
21	112207
19	113590
29	116148
11	118056
29	119070
9	120022
21	121291
13	122260
3	123571
4	124382
9	125209
19	126587
9	127897
15	129551
4	130830
3	132548
15	134066
1	134612
9	135424
19	136300
1	137283
21	139240
1	140753
13	142441
1	143860
7	145568
4	146707
9	147539
2	148412
19	149567
21	150596
===================================
===================================
Trial#: 1	Number of Moves: 129
Solve Time: 160878 ms
~~~~~~~~~~~~~~~~~~~~~~~~~~~~~~~~~~~
Button to Image Number Map
------------------------------
| 49 | 20 | 49 | 29 | 31 |
------------------------------
| 31 | 14 | 16 | 37 | 26 |
------------------------------
| 11 | 23 | 18 | 18 | 45 |
------------------------------
| 29 | 23 | 14 | 6 | 11 |
------------------------------
| 40 | 26 | 20 | 37 | 4 |
------------------------------
| 4 | 16 | 6 | 40 | 45 |
------------------------------
~~~~~~~~~~~~~~~~~~~~~~~~~~~~~~~~~~~
Button Number	Time Pressed (ms)
0	0
1	858
5	1794
6	2985
1	5002
7	6531
0	9346
1	9721
2	10204
1	11398
3	12479
4	13368
9	14133
4	17814
11	19457
10	20320
15	21100
4	22572
2	24272
7	25177
12	26066
7	26802
4	27613
7	28556
2	29466
12	30636
17	31619
11	33512
16	34588
21	35139
22	35872
26	36434
27	37188
17	38563
22	39098
26	39613
25	40627
17	41987
27	43723
0	45788
1	47394
20	48627
17	49812
21	50987
18	51986
23	52630
13	53553
8	54801
22	56049
17	56642
8	57547
17	58124
18	58577
14	59544
13	60277
18	61572
23	62185
24	63373
29	64184
24	65276
1	67490
15	69632
10	70287
29	72289
25	73981
19	75307
26	76857
25	77247
20	77808
25	78604
26	79041
21	79509
26	81256
2	82176
3	83029
26	84448
15	87196
3	89994
10	91523
14	93210
13	94973
11	96131
16	97466
11	98815
12	100302
13	101394
18	102626
13	104062
9	105029
18	106225
13	107212
19	108507
24	109755
9	111471
16	113796
24	115696
2	116839
9	117885
1	120089
19	121478
13	122871
1	124057
19	128071
12	129646
28	131092
11	132948
26	134586
11	135943
21	136952
19	138808
29	140430
11	142370
12	145525
18	146883
28	148559
18	149542
12	150494
26	152038
22	153257
26	154240
23	155613
22	156689
23	159300
26	159861
22	160361
12	160878
===================================
===================================
Trial#: 2	Number of Moves: 129
Solve Time: 164867 ms
~~~~~~~~~~~~~~~~~~~~~~~~~~~~~~~~~~~
Button to Image Number Map
------------------------------
| 49 | 20 | 49 | 29 | 31 |
------------------------------
| 31 | 14 | 16 | 37 | 26 |
------------------------------
| 11 | 23 | 18 | 18 | 45 |
------------------------------
| 29 | 23 | 14 | 6 | 11 |
------------------------------
| 40 | 26 | 20 | 37 | 4 |
------------------------------
| 4 | 16 | 6 | 40 | 45 |
------------------------------
~~~~~~~~~~~~~~~~~~~~~~~~~~~~~~~~~~~
Button Number	Time Pressed (ms)
===================================
===================================
Trial#: 3	Number of Moves: 129
Solve Time: 165773 ms
~~~~~~~~~~~~~~~~~~~~~~~~~~~~~~~~~~~
Button to Image Number Map
------------------------------
| 49 | 20 | 49 | 29 | 31 |
------------------------------
| 31 | 14 | 16 | 37 | 26 |
------------------------------
| 11 | 23 | 18 | 18 | 45 |
------------------------------
| 29 | 23 | 14 | 6 | 11 |
------------------------------
| 40 | 26 | 20 | 37 | 4 |
------------------------------
| 4 | 16 | 6 | 40 | 45 |
------------------------------
~~~~~~~~~~~~~~~~~~~~~~~~~~~~~~~~~~~
Button Number	Time Pressed (ms)
===================================
===================================
Trial#: 4	Number of Moves: 219
Solve Time: 233107 ms
~~~~~~~~~~~~~~~~~~~~~~~~~~~~~~~~~~~
Button to Image Number Map
------------------------------
| 49 | 20 | 49 | 29 | 31 |
------------------------------
| 31 | 14 | 16 | 37 | 26 |
------------------------------
| 11 | 23 | 18 | 18 | 45 |
------------------------------
| 29 | 23 | 14 | 6 | 11 |
------------------------------
| 40 | 26 | 20 | 37 | 4 |
------------------------------
| 4 | 16 | 6 | 40 | 45 |
------------------------------
~~~~~~~~~~~~~~~~~~~~~~~~~~~~~~~~~~~
Button Number	Time Pressed (ms)
12	0
16	3970
27	22398
28	22897
22	26542
27	41093
17	45533
22	46625
0	49730
5	50244
10	51134
0	52070
5	52961
11	53524
20	54663
11	55396
16	55833
11	56945
21	57476
20	58963
25	59540
26	60133
20	60964
15	61417
10	62197
21	63008
20	63507
15	64121
21	64526
15	65384
20	65712
26	66492
27	66991
22	67537
17	68317
27	69237
22	69815
17	70345
21	71146
26	71816
25	72768
12	74068
13	74723
12	75612
18	76143
17	76829
23	77375
18	78420
19	78873
24	79452
29	80266
22	81717
20	82736
23	83719
22	84389
20	85185
29	86495
28	86870
20	88887
28	89667
23	90751
24	91188
19	91890
14	92592
24	94154
14	94747
9	95475
29	96913
24	98098
19	98800
8	100922
4	101905
3	104187
19	105986
22	107640
18	109059
27	110762
26	112276
3	114774
2	115494
1	116430
0	118120
2	119664
0	121178
5	122348
6	123242
7	124225
17	126304
18	127511
23	128932
7	130544
22	131870
21	132775
26	133840
26	137496
7	138806
21	140150
25	141196
15	142631
21	144191
22	145488
23	146471
18	147316
17	148205
19	149164
24	150365
6	152315
5	153345
1	154343
3	155455
10	156890
15	158455
3	160327
15	161638
10	162746
6	163962
5	165207
1	166330
17	167563
18	168847
22	169892
21	170940
23	172206
27	173438
24	174655
19	175919
19	177541
10	178836
25	182242
21	182928
22	184272
17	185084
18	186113
23	187117
27	187865
1	189129
6	189597
5	190398
25	191396
4	192724
9	193286
14	193926
24	194986
29	195678
24	197019
25	197737
29	198704
23	199271
22	200729
27	202198
23	203165
18	203898
17	204507
18	205619
27	206477
18	207242
22	207694
17	208287
21	209067
23	210148
9	210928
21	212348
4	213318
6	215790
1	216430
5	217288
4	218702
5	220621
1	221044
22	222141
23	223030
17	224216
29	225183
23	225792
14	226644
29	228220
23	229748
8	231199
17	232327
6	233107
===================================
