===================================
Trial#: 0	Number of Moves: 5
Solve Time: 6414 ms
~~~~~~~~~~~~~~~~~~~~~~~~~~~~~~~~~~~
Button to Image Number Map
------------
| 35 | 29 |
------------
| 35 | 44 |
------------
| 29 | 44 |
------------
~~~~~~~~~~~~~~~~~~~~~~~~~~~~~~~~~~~
Button Number	Time Pressed (ms)
0	0
3	483
1	1843
3	2420
0	3497
1	3965
3	4667
2	5135
5	5961
4	6398
4	0
5	452
3	1268
2	2267
4	3187
2	3624
1	4404
3	4843
5	5735
0	6393
0	0
1	441
4	1705
1	2708
3	3368
5	4054
1	5318
2	6477
0	7163
3	7584
5	8130
4	8458
0	0
1	374
5	1263
1	2308
2	3260
3	3806
5	4914
3	5366
0	5881
2	6318
4	6770
1	7441
0	0
1	453
3	1186
2	2154
0	3012
2	3371
1	3886
3	4354
5	5134
3	6117
1	6600
4	7146
===================================
===================================
Trial#: 1	Number of Moves: 10
Solve Time: 6393 ms
~~~~~~~~~~~~~~~~~~~~~~~~~~~~~~~~~~~
Button to Image Number Map
------------
| 35 | 29 |
------------
| 35 | 44 |
------------
| 29 | 44 |
------------
~~~~~~~~~~~~~~~~~~~~~~~~~~~~~~~~~~~
Button Number	Time Pressed (ms)
0	0
3	483
1	1843
3	2420
0	3497
1	3965
3	4667
2	5135
5	5961
4	6398
4	0
5	452
3	1268
2	2267
4	3187
2	3624
1	4404
3	4843
5	5735
0	6393
0	0
1	441
4	1705
1	2708
3	3368
5	4054
1	5318
2	6477
0	7163
3	7584
5	8130
4	8458
0	0
1	374
5	1263
1	2308
2	3260
3	3806
5	4914
3	5366
0	5881
2	6318
4	6770
1	7441
0	0
1	453
3	1186
2	2154
0	3012
2	3371
1	3886
3	4354
5	5134
3	6117
1	6600
4	7146
===================================
===================================
Trial#: 2	Number of Moves: 16
Solve Time: 8458 ms
~~~~~~~~~~~~~~~~~~~~~~~~~~~~~~~~~~~
Button to Image Number Map
------------
| 35 | 29 |
------------
| 35 | 44 |
------------
| 29 | 44 |
------------
~~~~~~~~~~~~~~~~~~~~~~~~~~~~~~~~~~~
Button Number	Time Pressed (ms)
0	0
3	483
1	1843
3	2420
0	3497
1	3965
3	4667
2	5135
5	5961
4	6398
4	0
5	452
3	1268
2	2267
4	3187
2	3624
1	4404
3	4843
5	5735
0	6393
0	0
1	441
4	1705
1	2708
3	3368
5	4054
1	5318
2	6477
0	7163
3	7584
5	8130
4	8458
0	0
1	374
5	1263
1	2308
2	3260
3	3806
5	4914
3	5366
0	5881
2	6318
4	6770
1	7441
0	0
1	453
3	1186
2	2154
0	3012
2	3371
1	3886
3	4354
5	5134
3	6117
1	6600
4	7146
===================================
===================================
Trial#: 3	Number of Moves: 22
Solve Time: 7441 ms
~~~~~~~~~~~~~~~~~~~~~~~~~~~~~~~~~~~
Button to Image Number Map
------------
| 35 | 29 |
------------
| 35 | 44 |
------------
| 29 | 44 |
------------
~~~~~~~~~~~~~~~~~~~~~~~~~~~~~~~~~~~
Button Number	Time Pressed (ms)
0	0
3	483
1	1843
3	2420
0	3497
1	3965
3	4667
2	5135
5	5961
4	6398
4	0
5	452
3	1268
2	2267
4	3187
2	3624
1	4404
3	4843
5	5735
0	6393
0	0
1	441
4	1705
1	2708
3	3368
5	4054
1	5318
2	6477
0	7163
3	7584
5	8130
4	8458
0	0
1	374
5	1263
1	2308
2	3260
3	3806
5	4914
3	5366
0	5881
2	6318
4	6770
1	7441
0	0
1	453
3	1186
2	2154
0	3012
2	3371
1	3886
3	4354
5	5134
3	6117
1	6600
4	7146
===================================
===================================
Trial#: 4	Number of Moves: 28
Solve Time: 7162 ms
~~~~~~~~~~~~~~~~~~~~~~~~~~~~~~~~~~~
Button to Image Number Map
------------
| 35 | 29 |
------------
| 35 | 44 |
------------
| 29 | 44 |
------------
~~~~~~~~~~~~~~~~~~~~~~~~~~~~~~~~~~~
Button Number	Time Pressed (ms)
0	0
3	483
1	1843
3	2420
0	3497
1	3965
3	4667
2	5135
5	5961
4	6398
4	0
5	452
3	1268
2	2267
4	3187
2	3624
1	4404
3	4843
5	5735
0	6393
0	0
1	441
4	1705
1	2708
3	3368
5	4054
1	5318
2	6477
0	7163
3	7584
5	8130
4	8458
0	0
1	374
5	1263
1	2308
2	3260
3	3806
5	4914
3	5366
0	5881
2	6318
4	6770
1	7441
0	0
1	453
3	1186
2	2154
0	3012
2	3371
1	3886
3	4354
5	5134
3	6117
1	6600
4	7146
===================================
