===================================
Trial#: 0	Number of Moves: 3
Solve Time: 5229 ms
~~~~~~~~~~~~~~~~~~~~~~~~~~~~~~~~~~~
Button to Image Number Map
------------
| 41 | 32 |
------------
| 35 | 41 |
------------
| 32 | 35 |
------------
~~~~~~~~~~~~~~~~~~~~~~~~~~~~~~~~~~~
Button Number	Time Pressed (ms)
0	0
3	796
2	2418
1	3089
4	4368
5	5229
5	0
4	1279
2	2235
3	3374
1	4128
0	4926
0	0
3	702
4	2631
5	4276
2	5056
3	5539
0	6101
1	6522
1	0
0	390
3	951
0	1747
1	2186
2	2701
5	3434
2	4542
1	4963
4	5774
4	0
3	515
1	1341
4	2418
5	2933
2	3369
3	4025
0	4524
===================================
===================================
Trial#: 1	Number of Moves: 6
Solve Time: 4926 ms
~~~~~~~~~~~~~~~~~~~~~~~~~~~~~~~~~~~
Button to Image Number Map
------------
| 41 | 32 |
------------
| 35 | 41 |
------------
| 32 | 35 |
------------
~~~~~~~~~~~~~~~~~~~~~~~~~~~~~~~~~~~
Button Number	Time Pressed (ms)
0	0
3	796
2	2418
1	3089
4	4368
5	5229
5	0
4	1279
2	2235
3	3374
1	4128
0	4926
0	0
3	702
4	2631
5	4276
2	5056
3	5539
0	6101
1	6522
1	0
0	390
3	951
0	1747
1	2186
2	2701
5	3434
2	4542
1	4963
4	5774
4	0
3	515
1	1341
4	2418
5	2933
2	3369
3	4025
0	4524
===================================
===================================
Trial#: 2	Number of Moves: 10
Solve Time: 6538 ms
~~~~~~~~~~~~~~~~~~~~~~~~~~~~~~~~~~~
Button to Image Number Map
------------
| 41 | 32 |
------------
| 35 | 41 |
------------
| 32 | 35 |
------------
~~~~~~~~~~~~~~~~~~~~~~~~~~~~~~~~~~~
Button Number	Time Pressed (ms)
0	0
3	796
2	2418
1	3089
4	4368
5	5229
5	0
4	1279
2	2235
3	3374
1	4128
0	4926
0	0
3	702
4	2631
5	4276
2	5056
3	5539
0	6101
1	6522
1	0
0	390
3	951
0	1747
1	2186
2	2701
5	3434
2	4542
1	4963
4	5774
4	0
3	515
1	1341
4	2418
5	2933
2	3369
3	4025
0	4524
===================================
===================================
Trial#: 3	Number of Moves: 15
Solve Time: 5790 ms
~~~~~~~~~~~~~~~~~~~~~~~~~~~~~~~~~~~
Button to Image Number Map
------------
| 41 | 32 |
------------
| 35 | 41 |
------------
| 32 | 35 |
------------
~~~~~~~~~~~~~~~~~~~~~~~~~~~~~~~~~~~
Button Number	Time Pressed (ms)
0	0
3	796
2	2418
1	3089
4	4368
5	5229
5	0
4	1279
2	2235
3	3374
1	4128
0	4926
0	0
3	702
4	2631
5	4276
2	5056
3	5539
0	6101
1	6522
1	0
0	390
3	951
0	1747
1	2186
2	2701
5	3434
2	4542
1	4963
4	5774
4	0
3	515
1	1341
4	2418
5	2933
2	3369
3	4025
0	4524
===================================
===================================
Trial#: 4	Number of Moves: 19
Solve Time: 4524 ms
~~~~~~~~~~~~~~~~~~~~~~~~~~~~~~~~~~~
Button to Image Number Map
------------
| 41 | 32 |
------------
| 35 | 41 |
------------
| 32 | 35 |
------------
~~~~~~~~~~~~~~~~~~~~~~~~~~~~~~~~~~~
Button Number	Time Pressed (ms)
0	0
3	796
2	2418
1	3089
4	4368
5	5229
5	0
4	1279
2	2235
3	3374
1	4128
0	4926
0	0
3	702
4	2631
5	4276
2	5056
3	5539
0	6101
1	6522
1	0
0	390
3	951
0	1747
1	2186
2	2701
5	3434
2	4542
1	4963
4	5774
4	0
3	515
1	1341
4	2418
5	2933
2	3369
3	4025
0	4524
===================================
