===================================
Trial#: 0	Number of Moves: 6
Solve Time: 6221 ms
~~~~~~~~~~~~~~~~~~~~~~~~~~~~~~~~~~~
Button to Image Number Map
------------
| 1 | 35 |
------------
| 35 | 1 |
------------
| 27 | 27 |
------------
~~~~~~~~~~~~~~~~~~~~~~~~~~~~~~~~~~~
Button Number	Time Pressed (ms)
0	0
1	375
3	875
2	1301
0	1863
5	2815
2	3596
3	3970
1	4738
2	5362
3	5722
4	6221
4	0
5	474
2	942
3	1493
1	2211
0	2809
3	3840
2	4231
4	5151
5	5777
3	6354
4	6808
2	7151
5	7572
1	0
0	375
3	844
2	1286
4	2301
3	2724
2	3098
5	3535
0	0
1	444
2	944
3	1475
5	1928
4	2287
2	2692
3	3287
1	3818
2	5082
0	5551
3	6270
0	0
1	343
2	937
1	1857
0	2170
3	2514
4	2935
5	3217
===================================
===================================
Trial#: 1	Number of Moves: 13
Solve Time: 7572 ms
~~~~~~~~~~~~~~~~~~~~~~~~~~~~~~~~~~~
Button to Image Number Map
------------
| 1 | 35 |
------------
| 35 | 1 |
------------
| 27 | 27 |
------------
~~~~~~~~~~~~~~~~~~~~~~~~~~~~~~~~~~~
Button Number	Time Pressed (ms)
0	0
1	375
3	875
2	1301
0	1863
5	2815
2	3596
3	3970
1	4738
2	5362
3	5722
4	6221
4	0
5	474
2	942
3	1493
1	2211
0	2809
3	3840
2	4231
4	5151
5	5777
3	6354
4	6808
2	7151
5	7572
1	0
0	375
3	844
2	1286
4	2301
3	2724
2	3098
5	3535
0	0
1	444
2	944
3	1475
5	1928
4	2287
2	2692
3	3287
1	3818
2	5082
0	5551
3	6270
0	0
1	343
2	937
1	1857
0	2170
3	2514
4	2935
5	3217
===================================
===================================
Trial#: 2	Number of Moves: 17
Solve Time: 3535 ms
~~~~~~~~~~~~~~~~~~~~~~~~~~~~~~~~~~~
Button to Image Number Map
------------
| 1 | 35 |
------------
| 35 | 1 |
------------
| 27 | 27 |
------------
~~~~~~~~~~~~~~~~~~~~~~~~~~~~~~~~~~~
Button Number	Time Pressed (ms)
0	0
1	375
3	875
2	1301
0	1863
5	2815
2	3596
3	3970
1	4738
2	5362
3	5722
4	6221
4	0
5	474
2	942
3	1493
1	2211
0	2809
3	3840
2	4231
4	5151
5	5777
3	6354
4	6808
2	7151
5	7572
1	0
0	375
3	844
2	1286
4	2301
3	2724
2	3098
5	3535
0	0
1	444
2	944
3	1475
5	1928
4	2287
2	2692
3	3287
1	3818
2	5082
0	5551
3	6270
0	0
1	343
2	937
1	1857
0	2170
3	2514
4	2935
5	3217
===================================
===================================
Trial#: 3	Number of Moves: 23
Solve Time: 6270 ms
~~~~~~~~~~~~~~~~~~~~~~~~~~~~~~~~~~~
Button to Image Number Map
------------
| 1 | 35 |
------------
| 35 | 1 |
------------
| 27 | 27 |
------------
~~~~~~~~~~~~~~~~~~~~~~~~~~~~~~~~~~~
Button Number	Time Pressed (ms)
0	0
1	375
3	875
2	1301
0	1863
5	2815
2	3596
3	3970
1	4738
2	5362
3	5722
4	6221
4	0
5	474
2	942
3	1493
1	2211
0	2809
3	3840
2	4231
4	5151
5	5777
3	6354
4	6808
2	7151
5	7572
1	0
0	375
3	844
2	1286
4	2301
3	2724
2	3098
5	3535
0	0
1	444
2	944
3	1475
5	1928
4	2287
2	2692
3	3287
1	3818
2	5082
0	5551
3	6270
0	0
1	343
2	937
1	1857
0	2170
3	2514
4	2935
5	3217
===================================
===================================
Trial#: 4	Number of Moves: 27
Solve Time: 3232 ms
~~~~~~~~~~~~~~~~~~~~~~~~~~~~~~~~~~~
Button to Image Number Map
------------
| 1 | 35 |
------------
| 35 | 1 |
------------
| 27 | 27 |
------------
~~~~~~~~~~~~~~~~~~~~~~~~~~~~~~~~~~~
Button Number	Time Pressed (ms)
0	0
1	375
3	875
2	1301
0	1863
5	2815
2	3596
3	3970
1	4738
2	5362
3	5722
4	6221
4	0
5	474
2	942
3	1493
1	2211
0	2809
3	3840
2	4231
4	5151
5	5777
3	6354
4	6808
2	7151
5	7572
1	0
0	375
3	844
2	1286
4	2301
3	2724
2	3098
5	3535
0	0
1	444
2	944
3	1475
5	1928
4	2287
2	2692
3	3287
1	3818
2	5082
0	5551
3	6270
0	0
1	343
2	937
1	1857
0	2170
3	2514
4	2935
5	3217
===================================
