===================================
Trial#: 0	Number of Moves: 4
Solve Time: 9362 ms
~~~~~~~~~~~~~~~~~~~~~~~~~~~~~~~~~~~
Button to Image Number Map
------------
| 49 | 49 |
------------
| 45 | 45 |
------------
| 24 | 24 |
------------
~~~~~~~~~~~~~~~~~~~~~~~~~~~~~~~~~~~
Button Number	Time Pressed (ms)
0	1421650052512
3	1421650053339
1	1421650054480
2	1421650055374
5	1421650056497
1	1421650057797
4	1421650060813
2	1421650061874
0	1421650063996
1	1421650064592
3	1421650065372
5	1421650066136
0	1421650067108
2	1421650068029
2	1421650069716
3	1421650070106
5	1421650070907
4	1421650071234
0	1421650072763
4	1421650073621
5	1421650074073
1	1421650074656
0	1421650075737
1	1421650076065
3	1421650076533
2	1421650076977
4	1421650077866
5	1421650078225
0	1421650079208
4	1421650079738
5	1421650080159
1	1421650080612
1	1421650081237
0	1421650081642
2	1421650082048
3	1421650082453
5	1421650082937
4	1421650083343
0	1421650084169
1	1421650084559
3	1421650084934
2	1421650085339
4	1421650085748
5	1421650086153
===================================
===================================
Trial#: 1	Number of Moves: 11
Solve Time: 10660 ms
~~~~~~~~~~~~~~~~~~~~~~~~~~~~~~~~~~~
Button to Image Number Map
------------
| 49 | 49 |
------------
| 45 | 45 |
------------
| 24 | 24 |
------------
~~~~~~~~~~~~~~~~~~~~~~~~~~~~~~~~~~~
Button Number	Time Pressed (ms)
0	1421650052512
3	1421650053339
1	1421650054480
2	1421650055374
5	1421650056497
1	1421650057797
4	1421650060813
2	1421650061874
0	1421650063996
1	1421650064592
3	1421650065372
5	1421650066136
0	1421650067108
2	1421650068029
2	1421650069716
3	1421650070106
5	1421650070907
4	1421650071234
0	1421650072763
4	1421650073621
5	1421650074073
1	1421650074656
0	1421650075737
1	1421650076065
3	1421650076533
2	1421650076977
4	1421650077866
5	1421650078225
0	1421650079208
4	1421650079738
5	1421650080159
1	1421650080612
1	1421650081237
0	1421650081642
2	1421650082048
3	1421650082453
5	1421650082937
4	1421650083343
0	1421650084169
1	1421650084559
3	1421650084934
2	1421650085339
4	1421650085748
5	1421650086153
===================================
===================================
Trial#: 2	Number of Moves: 16
Solve Time: 4875 ms
~~~~~~~~~~~~~~~~~~~~~~~~~~~~~~~~~~~
Button to Image Number Map
------------
| 49 | 49 |
------------
| 45 | 45 |
------------
| 24 | 24 |
------------
~~~~~~~~~~~~~~~~~~~~~~~~~~~~~~~~~~~
Button Number	Time Pressed (ms)
0	1421650052512
3	1421650053339
1	1421650054480
2	1421650055374
5	1421650056497
1	1421650057797
4	1421650060813
2	1421650061874
0	1421650063996
1	1421650064592
3	1421650065372
5	1421650066136
0	1421650067108
2	1421650068029
2	1421650069716
3	1421650070106
5	1421650070907
4	1421650071234
0	1421650072763
4	1421650073621
5	1421650074073
1	1421650074656
0	1421650075737
1	1421650076065
3	1421650076533
2	1421650076977
4	1421650077866
5	1421650078225
0	1421650079208
4	1421650079738
5	1421650080159
1	1421650080612
1	1421650081237
0	1421650081642
2	1421650082048
3	1421650082453
5	1421650082937
4	1421650083343
0	1421650084169
1	1421650084559
3	1421650084934
2	1421650085339
4	1421650085748
5	1421650086153
===================================
===================================
Trial#: 3	Number of Moves: 19
Solve Time: 2106 ms
~~~~~~~~~~~~~~~~~~~~~~~~~~~~~~~~~~~
Button to Image Number Map
------------
| 49 | 49 |
------------
| 45 | 45 |
------------
| 24 | 24 |
------------
~~~~~~~~~~~~~~~~~~~~~~~~~~~~~~~~~~~
Button Number	Time Pressed (ms)
0	1421650052512
3	1421650053339
1	1421650054480
2	1421650055374
5	1421650056497
1	1421650057797
4	1421650060813
2	1421650061874
0	1421650063996
1	1421650064592
3	1421650065372
5	1421650066136
0	1421650067108
2	1421650068029
2	1421650069716
3	1421650070106
5	1421650070907
4	1421650071234
0	1421650072763
4	1421650073621
5	1421650074073
1	1421650074656
0	1421650075737
1	1421650076065
3	1421650076533
2	1421650076977
4	1421650077866
5	1421650078225
0	1421650079208
4	1421650079738
5	1421650080159
1	1421650080612
1	1421650081237
0	1421650081642
2	1421650082048
3	1421650082453
5	1421650082937
4	1421650083343
0	1421650084169
1	1421650084559
3	1421650084934
2	1421650085339
4	1421650085748
5	1421650086153
===================================
===================================
Trial#: 4	Number of Moves: 22
Solve Time: 1984 ms
~~~~~~~~~~~~~~~~~~~~~~~~~~~~~~~~~~~
Button to Image Number Map
------------
| 49 | 49 |
------------
| 45 | 45 |
------------
| 24 | 24 |
------------
~~~~~~~~~~~~~~~~~~~~~~~~~~~~~~~~~~~
Button Number	Time Pressed (ms)
0	1421650052512
3	1421650053339
1	1421650054480
2	1421650055374
5	1421650056497
1	1421650057797
4	1421650060813
2	1421650061874
0	1421650063996
1	1421650064592
3	1421650065372
5	1421650066136
0	1421650067108
2	1421650068029
2	1421650069716
3	1421650070106
5	1421650070907
4	1421650071234
0	1421650072763
4	1421650073621
5	1421650074073
1	1421650074656
0	1421650075737
1	1421650076065
3	1421650076533
2	1421650076977
4	1421650077866
5	1421650078225
0	1421650079208
4	1421650079738
5	1421650080159
1	1421650080612
1	1421650081237
0	1421650081642
2	1421650082048
3	1421650082453
5	1421650082937
4	1421650083343
0	1421650084169
1	1421650084559
3	1421650084934
2	1421650085339
4	1421650085748
5	1421650086153
===================================
