===================================
Trial#: 0	Number of Moves: 3
Solve Time: 3691 ms
~~~~~~~~~~~~~~~~~~~~~~~~~~~~~~~~~~~
Button to Image Number Map
------------
| 8 | 1 |
------------
| 50 | 8 |
------------
| 50 | 1 |
------------
~~~~~~~~~~~~~~~~~~~~~~~~~~~~~~~~~~~
Button Number	Time Pressed (ms)
0	0
3	561
2	1887
1	2418
5	3286
4	3691
4	0
3	624
2	1687
5	2342
4	3696
5	4055
2	4762
3	5292
2	7289
1	7835
3	8662
0	9161
0	0
3	1341
1	2340
2	3203
4	4092
5	4919
5	0
4	671
2	1763
4	2684
5	3183
3	3760
1	4961
3	5414
5	6167
1	6791
3	7181
0	7727
0	0
1	499
5	1984
1	3159
3	4001
0	4568
2	5083
4	6073
===================================
===================================
Trial#: 1	Number of Moves: 9
Solve Time: 9161 ms
~~~~~~~~~~~~~~~~~~~~~~~~~~~~~~~~~~~
Button to Image Number Map
------------
| 8 | 1 |
------------
| 50 | 8 |
------------
| 50 | 1 |
------------
~~~~~~~~~~~~~~~~~~~~~~~~~~~~~~~~~~~
Button Number	Time Pressed (ms)
0	0
3	561
2	1887
1	2418
5	3286
4	3691
4	0
3	624
2	1687
5	2342
4	3696
5	4055
2	4762
3	5292
2	7289
1	7835
3	8662
0	9161
0	0
3	1341
1	2340
2	3203
4	4092
5	4919
5	0
4	671
2	1763
4	2684
5	3183
3	3760
1	4961
3	5414
5	6167
1	6791
3	7181
0	7727
0	0
1	499
5	1984
1	3159
3	4001
0	4568
2	5083
4	6073
===================================
===================================
Trial#: 2	Number of Moves: 12
Solve Time: 4919 ms
~~~~~~~~~~~~~~~~~~~~~~~~~~~~~~~~~~~
Button to Image Number Map
------------
| 8 | 1 |
------------
| 50 | 8 |
------------
| 50 | 1 |
------------
~~~~~~~~~~~~~~~~~~~~~~~~~~~~~~~~~~~
Button Number	Time Pressed (ms)
0	0
3	561
2	1887
1	2418
5	3286
4	3691
4	0
3	624
2	1687
5	2342
4	3696
5	4055
2	4762
3	5292
2	7289
1	7835
3	8662
0	9161
0	0
3	1341
1	2340
2	3203
4	4092
5	4919
5	0
4	671
2	1763
4	2684
5	3183
3	3760
1	4961
3	5414
5	6167
1	6791
3	7181
0	7727
0	0
1	499
5	1984
1	3159
3	4001
0	4568
2	5083
4	6073
===================================
===================================
Trial#: 3	Number of Moves: 18
Solve Time: 7727 ms
~~~~~~~~~~~~~~~~~~~~~~~~~~~~~~~~~~~
Button to Image Number Map
------------
| 8 | 1 |
------------
| 50 | 8 |
------------
| 50 | 1 |
------------
~~~~~~~~~~~~~~~~~~~~~~~~~~~~~~~~~~~
Button Number	Time Pressed (ms)
0	0
3	561
2	1887
1	2418
5	3286
4	3691
4	0
3	624
2	1687
5	2342
4	3696
5	4055
2	4762
3	5292
2	7289
1	7835
3	8662
0	9161
0	0
3	1341
1	2340
2	3203
4	4092
5	4919
5	0
4	671
2	1763
4	2684
5	3183
3	3760
1	4961
3	5414
5	6167
1	6791
3	7181
0	7727
0	0
1	499
5	1984
1	3159
3	4001
0	4568
2	5083
4	6073
===================================
===================================
Trial#: 4	Number of Moves: 22
Solve Time: 6073 ms
~~~~~~~~~~~~~~~~~~~~~~~~~~~~~~~~~~~
Button to Image Number Map
------------
| 8 | 1 |
------------
| 50 | 8 |
------------
| 50 | 1 |
------------
~~~~~~~~~~~~~~~~~~~~~~~~~~~~~~~~~~~
Button Number	Time Pressed (ms)
0	0
3	561
2	1887
1	2418
5	3286
4	3691
4	0
3	624
2	1687
5	2342
4	3696
5	4055
2	4762
3	5292
2	7289
1	7835
3	8662
0	9161
0	0
3	1341
1	2340
2	3203
4	4092
5	4919
5	0
4	671
2	1763
4	2684
5	3183
3	3760
1	4961
3	5414
5	6167
1	6791
3	7181
0	7727
0	0
1	499
5	1984
1	3159
3	4001
0	4568
2	5083
4	6073
===================================
